10010000000010000000111111111111
10010000000100000001011111111111
10010000000110000001111111111111
10010000001000000010011111111111
10010000001010000010111111111111
10010000001100000011011111111111
10010000001110000011111111111111
10010000010000000100011111111111
10010000010010000100111111111111
10010000010100000101011111111111
10010000010110000101111111111111
10010000011000000110011111111111
10010000011010000110111111111111
10010000011100000111011111111111
10010000011110000111111111111111
10010000100000001000011111111111
10010000100010001000111111111111
10010000100100001001011111111111
10010000100110001001111111111111
10010000101000001010011111111111
10010000101010001010111111111111
10010000101100001011011111111111
10010000101110001011111111111111
10010000110000001100011111111111
10010000110010001100111111111111
10010000110100001101011111111111
10010000110110001101111111111111
10010000111000001110011111111111
10010000111010001110111111111111
10010000111100001111011111111111
10010000111110001111111111111111
10010001000000010000011111111111
10010001000010010000111111111111
10010001000100010001011111111111
10010001000110010001111111111111
10010001001000010010011111111111
10010001001010010010111111111111
10010001001100010011011111111111
10010001001110010011111111111111
10010001010000010100011111111111
10010001010010010100111111111111
10010001010100010101011111111111
10010001010110010101111111111111
10010001011000010110011111111111
10010001011010010110111111111111
10010001011100010111011111111111
10010001011110010111111111111111
10010001100000011000011111111111
10010001100010011000111111111111
10010001100100011001011111111111
10010001100110011001111111111111
10010001101000011010011111111111
10010001101010011010111111111111
10010001101100011011011111111111
10010001101110011011111111111111
10010001110000011100011111111111
10010001110010011100111111111111
10010001110100011101011111111111
10010001110110011101111111111111
10010001111000011110011111111111
10010001111010011110111111111111
